9.950372e-02,1.060650e-01,1.135466e-01,1.221552e-01,1.321637e-01,1.439398e-01,1.579905e-01,1.750333e-01,1.961161e-01,2.228247e-01,2.576625e-01,3.047754e-01,3.713903e-01,4.705877e-01,6.246945e-01,8.479979e-01,1.000000e+00,8.479984e-01,6.246951e-01,4.705882e-01,3.713906e-01,3.047757e-01,2.576626e-01,2.228248e-01,1.961161e-01,1.750333e-01,1.579905e-01,1.439398e-01,1.321637e-01,1.221552e-01,1.135466e-01,1.060650e-01,9.950372e-02
9.950372e-02,1.060650e-01,1.135466e-01,1.221552e-01,1.321637e-01,1.439398e-01,1.579904e-01,1.750332e-01,1.961159e-01,2.228244e-01,2.576620e-01,3.047747e-01,3.713892e-01,4.705863e-01,6.246930e-01,8.479968e-01,1.000000e+00,8.479988e-01,6.246951e-01,4.705880e-01,3.713905e-01,3.047756e-01,2.576626e-01,2.228248e-01,1.961161e-01,1.750333e-01,1.579905e-01,1.439398e-01,1.321637e-01,1.221552e-01,1.135466e-01,1.060650e-01,9.950372e-02
9.950372e-02,1.060650e-01,1.135466e-01,1.221552e-01,1.321637e-01,1.439398e-01,1.579903e-01,1.750330e-01,1.961154e-01,2.228235e-01,2.576604e-01,3.047721e-01,3.713855e-01,4.705814e-01,6.246874e-01,8.479926e-01,1.000000e+00,8.480001e-01,6.246953e-01,4.705877e-01,3.713900e-01,3.047752e-01,2.576624e-01,2.228247e-01,1.961161e-01,1.750333e-01,1.579905e-01,1.439398e-01,1.321637e-01,1.221552e-01,1.135466e-01,1.060650e-01,9.950372e-02
9.950372e-02,1.060650e-01,1.135466e-01,1.221552e-01,1.321636e-01,1.439396e-01,1.579900e-01,1.750323e-01,1.961139e-01,2.228206e-01,2.576552e-01,3.047635e-01,3.713724e-01,4.705637e-01,6.246672e-01,8.479773e-01,1.000000e+00,8.480049e-01,6.246962e-01,4.705865e-01,3.713887e-01,3.047744e-01,2.576620e-01,2.228245e-01,1.961161e-01,1.750333e-01,1.579905e-01,1.439399e-01,1.321637e-01,1.221552e-01,1.135466e-01,1.060650e-01,9.950372e-02
9.950371e-02,1.060650e-01,1.135466e-01,1.221551e-01,1.321635e-01,1.439393e-01,1.579891e-01,1.750302e-01,1.961095e-01,2.228116e-01,2.576383e-01,3.047343e-01,3.713268e-01,4.705005e-01,6.245937e-01,8.479211e-01,1.000000e+00,8.480230e-01,6.247006e-01,4.705838e-01,3.713854e-01,3.047724e-01,2.576612e-01,2.228244e-01,1.961161e-01,1.750334e-01,1.579906e-01,1.439399e-01,1.321638e-01,1.221552e-01,1.135466e-01,1.060650e-01,9.950372e-02
9.950371e-02,1.060650e-01,1.135465e-01,1.221550e-01,1.321631e-01,1.439383e-01,1.579868e-01,1.750246e-01,1.960967e-01,2.227844e-01,2.575847e-01,3.046380e-01,3.711705e-01,4.702768e-01,6.243274e-01,8.477147e-01,9.999999e-01,8.480915e-01,6.247205e-01,4.705791e-01,3.713783e-01,3.047690e-01,2.576607e-01,2.228250e-01,1.961169e-01,1.750340e-01,1.579909e-01,1.439401e-01,1.321638e-01,1.221552e-01,1.135466e-01,1.060650e-01,9.950372e-02
9.950370e-02,1.060649e-01,1.135464e-01,1.221547e-01,1.321624e-01,1.439362e-01,1.579810e-01,1.750098e-01,1.960613e-01,2.227049e-01,2.574199e-01,3.043264e-01,3.706417e-01,4.694916e-01,6.233670e-01,8.469566e-01,9.999988e-01,8.483507e-01,6.248106e-01,4.705839e-01,3.713724e-01,3.047703e-01,2.576664e-01,2.228308e-01,1.961209e-01,1.750363e-01,1.579920e-01,1.439406e-01,1.321640e-01,1.221553e-01,1.135466e-01,1.060650e-01,9.950373e-02
9.950368e-02,1.060649e-01,1.135462e-01,1.221542e-01,1.321607e-01,1.439313e-01,1.579673e-01,1.749730e-01,1.959677e-01,2.224823e-01,2.569303e-01,3.033461e-01,3.688892e-01,4.667713e-01,6.199241e-01,8.441712e-01,9.999832e-01,8.493370e-01,6.252138e-01,4.706890e-01,3.714241e-01,3.048207e-01,2.577090e-01,2.228593e-01,1.961368e-01,1.750441e-01,1.579955e-01,1.439420e-01,1.321646e-01,1.221555e-01,1.135467e-01,1.060650e-01,9.950373e-02
9.950365e-02,1.060648e-01,1.135459e-01,1.221531e-01,1.321574e-01,1.439211e-01,1.579370e-01,1.748870e-01,1.957351e-01,2.218915e-01,2.555411e-01,3.003756e-01,3.632412e-01,4.575200e-01,6.076854e-01,8.338617e-01,9.997672e-01,8.531178e-01,6.270151e-01,4.714251e-01,3.718732e-01,3.051426e-01,2.579161e-01,2.229737e-01,1.961924e-01,1.750683e-01,1.580053e-01,1.439457e-01,1.321659e-01,1.221560e-01,1.135469e-01,1.060651e-01,9.950375e-02
9.950361e-02,1.060646e-01,1.135454e-01,1.221513e-01,1.321513e-01,1.439015e-01,1.578756e-01,1.747012e-01,1.951983e-01,2.204275e-01,2.518314e-01,2.918189e-01,3.457486e-01,4.269365e-01,5.647138e-01,7.946165e-01,9.967120e-01,8.678020e-01,6.351758e-01,4.755373e-01,3.743893e-01,3.066794e-01,2.587512e-01,2.233736e-01,1.963643e-01,1.751362e-01,1.580303e-01,1.439544e-01,1.321688e-01,1.221569e-01,1.135472e-01,1.060652e-01,9.950378e-02
9.950354e-02,1.060644e-01,1.135445e-01,1.221483e-01,1.321412e-01,1.438673e-01,1.577623e-01,1.743369e-01,1.940706e-01,2.171074e-01,2.426898e-01,2.688334e-01,2.946966e-01,3.310007e-01,4.197651e-01,6.390266e-01,9.519573e-01,9.245705e-01,6.743708e-01,4.967809e-01,3.863596e-01,3.129625e-01,2.616911e-01,2.246084e-01,1.968389e-01,1.753062e-01,1.580880e-01,1.439732e-01,1.321747e-01,1.221587e-01,1.135477e-01,1.060653e-01,9.950382e-02
9.950346e-02,1.060641e-01,1.135434e-01,1.221442e-01,1.321263e-01,1.438143e-01,1.575772e-01,1.737040e-01,1.919681e-01,2.103971e-01,2.224549e-01,2.128108e-01,1.598310e-01,7.208104e-02,4.004439e-02,1.779215e-01,5.305026e-01,9.430568e-01,8.846349e-01,6.090300e-01,4.387043e-01,3.357382e-01,2.707884e-01,2.279596e-01,1.979926e-01,1.756828e-01,1.582059e-01,1.440089e-01,1.321853e-01,1.221618e-01,1.135486e-01,1.060656e-01,9.950389e-02
9.950336e-02,1.060637e-01,1.135420e-01,1.221391e-01,1.321071e-01,1.437433e-01,1.573167e-01,1.727599e-01,1.886089e-01,1.987500e-01,1.836722e-01,9.397424e-02,-1.282107e-01,-3.620726e-01,-4.108371e-01,-2.794712e-01,-4.471069e-02,1.718716e-01,5.485314e-01,9.981359e-01,6.475413e-01,4.083311e-01,2.951033e-01,2.357915e-01,2.004150e-01,1.764065e-01,1.584164e-01,1.440689e-01,1.322021e-01,1.221665e-01,1.135499e-01,1.060659e-01,9.950399e-02
9.950327e-02,1.060633e-01,1.135406e-01,1.221337e-01,1.320866e-01,1.436645e-01,1.570149e-01,1.716094e-01,1.842467e-01,1.823220e-01,1.226225e-01,-1.105480e-01,-5.195044e-01,-7.056944e-01,-6.697953e-01,-4.926064e-01,-2.203231e-01,4.421590e-02,3.364471e-01,7.097520e-01,9.908416e-01,5.906735e-01,3.486029e-01,2.509927e-01,2.046736e-01,1.775813e-01,1.587362e-01,1.441551e-01,1.322252e-01,1.221726e-01,1.135515e-01,1.060664e-01,9.950410e-02
9.950319e-02,1.060631e-01,1.135395e-01,1.221294e-01,1.320697e-01,1.435981e-01,1.567527e-01,1.705694e-01,1.800883e-01,1.653492e-01,5.068556e-02,-3.687005e-01,-8.187598e-01,-8.998253e-01,-8.451292e-01,-6.535839e-01,-2.649698e-01,1.787857e-01,5.012654e-01,7.322781e-01,9.597726e-01,8.326181e-01,4.362726e-01,2.741168e-01,2.106634e-01,1.791296e-01,1.591358e-01,1.442582e-01,1.322518e-01,1.221795e-01,1.135533e-01,1.060668e-01,9.950422e-02
9.950316e-02,1.060629e-01,1.135390e-01,1.221275e-01,1.320620e-01,1.435675e-01,1.566303e-01,1.700749e-01,1.780389e-01,1.562264e-01,2.307520e-03,-5.874065e-01,-9.730212e-01,-9.973951e-01,-9.902855e-01,-9.051459e-01,-2.767549e-01,5.057420e-01,7.612993e-01,8.704651e-01,9.678518e-01,9.367137e-01,5.269227e-01,2.991652e-01,2.169032e-01,1.806761e-01,1.595208e-01,1.443545e-01,1.322760e-01,1.221856e-01,1.135548e-01,1.060672e-01,9.950432e-02
9.950318e-02,1.060630e-01,1.135393e-01,1.221286e-01,1.320665e-01,1.435862e-01,1.567081e-01,1.704026e-01,1.794255e-01,1.619406e-01,1.974092e-02,-6.769760e-01,-9.849884e-01,-8.949365e-01,-7.835626e-01,-5.368769e-01,  nan,9.322099e-01,9.582251e-01,9.740601e-01,9.965348e-01,9.388516e-01,5.696879e-01,3.144365e-01,2.208321e-01,1.816463e-01,1.597601e-01,1.444138e-01,1.322908e-01,1.221893e-01,1.135557e-01,1.060674e-01,9.950438e-02
9.950324e-02,1.060632e-01,1.135403e-01,1.221324e-01,1.320820e-01,1.436484e-01,1.569602e-01,1.714335e-01,1.837054e-01,1.803005e-01,1.048681e-01,-4.526548e-01,-7.807709e-01,-4.172181e-01,1.287134e-02,5.057420e-01,8.634855e-01,9.828466e-01,9.976249e-01,9.992221e-01,9.921497e-01,8.881908e-01,5.481770e-01,3.117546e-01,2.205300e-01,1.816154e-01,1.597591e-01,1.444148e-01,1.322913e-01,1.221895e-01,1.135558e-01,1.060675e-01,9.950439e-02
9.950333e-02,1.060636e-01,1.135417e-01,1.221379e-01,1.321034e-01,1.437320e-01,1.572882e-01,1.727220e-01,1.887930e-01,2.008481e-01,1.963649e-01,1.467647e-01,-5.281194e-02,1.940959e-01,5.012654e-01,7.457773e-01,8.651663e-01,9.201413e-01,9.539710e-01,9.662218e-01,9.412805e-01,7.843551e-01,4.812579e-01,2.936615e-01,2.162887e-01,1.806209e-01,1.595229e-01,1.443581e-01,1.322775e-01,1.221861e-01,1.135550e-01,1.060673e-01,9.950433e-02
9.950343e-02,1.060640e-01,1.135432e-01,1.221435e-01,1.321246e-01,1.438119e-01,1.575863e-01,1.738208e-01,1.927760e-01,2.150414e-01,2.470659e-01,3.475027e-01,9.651208e-01,7.097520e-01,7.485182e-01,8.385373e-01,8.711443e-01,8.786977e-01,8.972784e-01,8.998294e-01,8.370932e-01,6.369453e-01,4.009747e-01,2.699829e-01,2.102461e-01,1.791171e-01,1.591495e-01,1.442651e-01,1.322543e-01,1.221803e-01,1.135535e-01,1.060669e-01,9.950424e-02
9.950353e-02,1.060643e-01,1.135444e-01,1.221482e-01,1.321415e-01,1.438721e-01,1.577961e-01,1.745280e-01,1.950396e-01,2.216769e-01,2.630876e-01,3.565989e-01,6.475413e-01,9.993597e-01,9.392344e-01,9.173123e-01,8.903142e-01,8.535975e-01,8.360868e-01,7.980972e-01,6.807289e-01,4.900909e-01,3.349428e-01,2.496146e-01,2.046538e-01,1.776370e-01,1.587633e-01,1.441650e-01,1.322284e-01,1.221736e-01,1.135518e-01,1.060664e-01,9.950412e-02
9.950360e-02,1.060646e-01,1.135454e-01,1.221515e-01,1.321527e-01,1.439094e-01,1.579148e-01,1.748821e-01,1.959820e-01,2.236303e-01,2.641327e-01,3.357382e-01,4.859605e-01,7.633665e-01,9.754477e-01,9.941078e-01,9.345250e-01,8.409670e-01,7.606873e-01,6.631181e-01,5.256023e-01,3.889548e-01,2.935457e-01,2.361159e-01,2.006535e-01,1.765038e-01,1.584502e-01,1.440798e-01,1.322055e-01,1.221675e-01,1.135502e-01,1.060660e-01,9.950401e-02
9.950365e-02,1.060648e-01,1.135460e-01,1.221534e-01,1.321590e-01,1.439286e-01,1.579691e-01,1.750173e-01,1.962366e-01,2.237105e-01,2.616911e-01,3.194108e-01,4.153969e-01,5.749253e-01,7.905585e-01,9.664035e-01,9.813751e-01,8.400924e-01,6.867025e-01,5.512958e-01,4.312907e-01,3.375357e-01,2.724522e-01,2.287228e-01,1.982792e-01,1.757808e-01,1.582376e-01,1.440189e-01,1.321883e-01,1.221627e-01,1.135488e-01,1.060656e-01,9.950391e-02
9.950369e-02,1.060649e-01,1.135463e-01,1.221545e-01,1.321620e-01,1.439368e-01,1.579886e-01,1.750513e-01,1.962402e-01,2.233736e-01,2.596330e-01,3.108052e-01,3.871075e-01,5.042954e-01,6.786775e-01,8.948501e-01,9.975642e-01,8.439865e-01,6.452118e-01,4.971769e-01,3.913937e-01,3.162781e-01,2.632331e-01,2.252180e-01,1.970582e-01,1.753805e-01,1.581121e-01,1.439808e-01,1.321771e-01,1.221594e-01,1.135479e-01,1.060654e-01,9.950384e-02
9.950370e-02,1.060649e-01,1.135465e-01,1.221550e-01,1.321633e-01,1.439396e-01,1.579932e-01,1.750509e-01,1.961924e-01,2.230964e-01,2.585007e-01,3.070382e-01,3.766815e-01,4.809900e-01,6.405911e-01,8.621706e-01,9.997861e-01,8.465407e-01,6.304690e-01,4.784081e-01,3.775654e-01,3.085551e-01,2.596252e-01,2.237295e-01,1.964971e-01,1.751828e-01,1.580459e-01,1.439595e-01,1.321704e-01,1.221574e-01,1.135473e-01,1.060652e-01,9.950379e-02
9.950371e-02,1.060650e-01,1.135466e-01,1.221551e-01,1.321637e-01,1.439402e-01,1.579930e-01,1.750441e-01,1.961541e-01,2.229426e-01,2.579873e-01,3.055698e-01,3.730935e-01,4.737029e-01,6.292205e-01,8.519661e-01,9.999836e-01,8.475353e-01,6.262321e-01,4.727860e-01,3.732200e-01,3.059643e-01,2.583205e-01,2.231482e-01,1.962611e-01,1.750937e-01,1.580141e-01,1.439487e-01,1.321669e-01,1.221563e-01,1.135470e-01,1.060651e-01,9.950376e-02
9.950372e-02,1.060650e-01,1.135466e-01,1.221552e-01,1.321638e-01,1.439402e-01,1.579920e-01,1.750387e-01,1.961328e-01,2.228715e-01,2.577802e-01,3.050411e-01,3.719206e-01,4.715015e-01,6.259642e-01,8.490847e-01,9.999988e-01,8.478594e-01,6.250982e-01,4.711946e-01,3.719200e-01,3.051383e-01,2.578750e-01,2.229354e-01,1.961686e-01,1.750564e-01,1.580000e-01,1.439436e-01,1.321651e-01,1.221557e-01,1.135468e-01,1.060650e-01,9.950374e-02
9.950372e-02,1.060650e-01,1.135466e-01,1.221552e-01,1.321638e-01,1.439401e-01,1.579913e-01,1.750357e-01,1.961229e-01,2.228421e-01,2.577032e-01,3.048612e-01,3.715515e-01,4.708520e-01,6.250480e-01,8.482938e-01,9.999999e-01,8.479578e-01,6.248005e-01,4.707541e-01,3.715416e-01,3.048839e-01,2.577292e-01,2.228613e-01,1.961344e-01,1.750418e-01,1.579942e-01,1.439413e-01,1.321643e-01,1.221554e-01,1.135467e-01,1.060650e-01,9.950373e-02
9.950372e-02,1.060650e-01,1.135466e-01,1.221552e-01,1.321638e-01,1.439400e-01,1.579908e-01,1.750343e-01,1.961187e-01,2.228309e-01,2.576761e-01,3.048025e-01,3.714386e-01,4.706635e-01,6.247927e-01,8.480785e-01,1.000000e+00,8.479867e-01,6.247227e-01,4.706334e-01,3.714332e-01,3.048075e-01,2.576830e-01,2.228365e-01,1.961223e-01,1.750363e-01,1.579919e-01,1.439404e-01,1.321640e-01,1.221553e-01,1.135466e-01,1.060650e-01,9.950372e-02
9.950372e-02,1.060650e-01,1.135466e-01,1.221552e-01,1.321637e-01,1.439399e-01,1.579906e-01,1.750337e-01,1.961171e-01,2.228269e-01,2.576670e-01,3.047839e-01,3.714047e-01,4.706096e-01,6.247220e-01,8.480200e-01,1.000000e+00,8.479950e-01,6.247023e-01,4.706005e-01,3.714026e-01,3.047849e-01,2.576688e-01,2.228285e-01,1.961181e-01,1.750343e-01,1.579910e-01,1.439401e-01,1.321638e-01,1.221552e-01,1.135466e-01,1.060650e-01,9.950372e-02
9.950372e-02,1.060650e-01,1.135466e-01,1.221552e-01,1.321637e-01,1.439399e-01,1.579906e-01,1.750335e-01,1.961165e-01,2.228255e-01,2.576640e-01,3.047782e-01,3.713947e-01,4.705942e-01,6.247024e-01,8.480042e-01,1.000000e+00,8.479974e-01,6.246970e-01,4.705916e-01,3.713940e-01,3.047784e-01,2.576645e-01,2.228259e-01,1.961168e-01,1.750337e-01,1.579907e-01,1.439399e-01,1.321638e-01,1.221552e-01,1.135466e-01,1.060650e-01,9.950372e-02
9.950372e-02,1.060650e-01,1.135466e-01,1.221552e-01,1.321637e-01,1.439399e-01,1.579905e-01,1.750334e-01,1.961162e-01,2.228250e-01,2.576631e-01,3.047765e-01,3.713918e-01,4.705899e-01,6.246971e-01,8.479999e-01,1.000000e+00,8.479980e-01,6.246956e-01,4.705891e-01,3.713916e-01,3.047765e-01,2.576632e-01,2.228251e-01,1.961163e-01,1.750334e-01,1.579906e-01,1.439399e-01,1.321637e-01,1.221552e-01,1.135466e-01,1.060650e-01,9.950372e-02
9.950372e-02,1.060650e-01,1.135466e-01,1.221552e-01,1.321637e-01,1.439398e-01,1.579905e-01,1.750334e-01,1.961162e-01,2.228249e-01,2.576628e-01,3.047759e-01,3.713910e-01,4.705887e-01,6.246956e-01,8.479987e-01,1.000000e+00,8.479982e-01,6.246952e-01,4.705885e-01,3.713909e-01,3.047759e-01,2.576628e-01,2.228249e-01,1.961162e-01,1.750334e-01,1.579905e-01,1.439399e-01,1.321637e-01,1.221552e-01,1.135466e-01,1.060650e-01,9.950372e-02
