9.950372e-01,9.943592e-01,9.935327e-01,9.925110e-01,9.912279e-01,9.895864e-01,9.874406e-01,9.845625e-01,9.805807e-01,9.748585e-01,9.662350e-01,9.524242e-01,9.284769e-01,8.823532e-01,7.808693e-01,5.299996e-01,6.073310e-07,-5.299987e-01,-7.808688e-01,-8.823530e-01,-9.284767e-01,-9.524242e-01,-9.662349e-01,-9.748585e-01,-9.805807e-01,-9.845625e-01,-9.874406e-01,-9.895864e-01,-9.912279e-01,-9.925110e-01,-9.935327e-01,-9.943592e-01,-9.950372e-01
9.950372e-01,9.943592e-01,9.935327e-01,9.925110e-01,9.912279e-01,9.895864e-01,9.874406e-01,9.845625e-01,9.805807e-01,9.748586e-01,9.662351e-01,9.524245e-01,9.284773e-01,8.823540e-01,7.808705e-01,5.300014e-01,2.248619e-06,-5.299982e-01,-7.808688e-01,-8.823530e-01,-9.284768e-01,-9.524242e-01,-9.662350e-01,-9.748585e-01,-9.805807e-01,-9.845625e-01,-9.874406e-01,-9.895864e-01,-9.912279e-01,-9.925110e-01,-9.935327e-01,-9.943592e-01,-9.950372e-01
9.950372e-01,9.943592e-01,9.935327e-01,9.925110e-01,9.912279e-01,9.895865e-01,9.874407e-01,9.845626e-01,9.805808e-01,9.748588e-01,9.662355e-01,9.524253e-01,9.284788e-01,8.823566e-01,7.808749e-01,5.300080e-01,8.325431e-06,-5.299961e-01,-7.808686e-01,-8.823532e-01,-9.284770e-01,-9.524243e-01,-9.662350e-01,-9.748585e-01,-9.805807e-01,-9.845625e-01,-9.874406e-01,-9.895864e-01,-9.912279e-01,-9.925110e-01,-9.935327e-01,-9.943592e-01,-9.950372e-01
9.950372e-01,9.943592e-01,9.935327e-01,9.925110e-01,9.912279e-01,9.895865e-01,9.874407e-01,9.845627e-01,9.805811e-01,9.748595e-01,9.662369e-01,9.524281e-01,9.284840e-01,8.823660e-01,7.808911e-01,5.300325e-01,3.082476e-05,-5.299884e-01,-7.808679e-01,-8.823538e-01,-9.284775e-01,-9.524246e-01,-9.662351e-01,-9.748586e-01,-9.805807e-01,-9.845625e-01,-9.874406e-01,-9.895864e-01,-9.912279e-01,-9.925110e-01,-9.935327e-01,-9.943592e-01,-9.950372e-01
9.950372e-01,9.943592e-01,9.935327e-01,9.925110e-01,9.912279e-01,9.895865e-01,9.874409e-01,9.845631e-01,9.805820e-01,9.748615e-01,9.662414e-01,9.524374e-01,9.285022e-01,8.823997e-01,7.809499e-01,5.301224e-01,1.141302e-04,-5.299594e-01,-7.808644e-01,-8.823553e-01,-9.284788e-01,-9.524252e-01,-9.662353e-01,-9.748586e-01,-9.805807e-01,-9.845625e-01,-9.874406e-01,-9.895864e-01,-9.912279e-01,-9.925110e-01,-9.935327e-01,-9.943592e-01,-9.950372e-01
9.950372e-01,9.943592e-01,9.935327e-01,9.925110e-01,9.912280e-01,9.895867e-01,9.874412e-01,9.845641e-01,9.805846e-01,9.748677e-01,9.662557e-01,9.524682e-01,9.285647e-01,8.825190e-01,7.811628e-01,5.304525e-01,4.226003e-04,-5.298498e-01,-7.808484e-01,-8.823578e-01,-9.284816e-01,-9.524263e-01,-9.662355e-01,-9.748585e-01,-9.805805e-01,-9.845624e-01,-9.874406e-01,-9.895864e-01,-9.912279e-01,-9.925110e-01,-9.935327e-01,-9.943592e-01,-9.950372e-01
9.950372e-01,9.943592e-01,9.935327e-01,9.925111e-01,9.912281e-01,9.895870e-01,9.874422e-01,9.845667e-01,9.805916e-01,9.748859e-01,9.662996e-01,9.525678e-01,9.287759e-01,8.829370e-01,7.819294e-01,5.316621e-01,1.565182e-03,-5.294346e-01,-7.807763e-01,-8.823553e-01,-9.284840e-01,-9.524259e-01,-9.662339e-01,-9.748571e-01,-9.805797e-01,-9.845620e-01,-9.874404e-01,-9.895863e-01,-9.912279e-01,-9.925110e-01,-9.935327e-01,-9.943592e-01,-9.950372e-01
9.950372e-01,9.943592e-01,9.935327e-01,9.925111e-01,9.912283e-01,9.895877e-01,9.874444e-01,9.845732e-01,9.806104e-01,9.749367e-01,9.664299e-01,9.528805e-01,9.294734e-01,8.843780e-01,7.846618e-01,5.360736e-01,5.802117e-03,-5.278509e-01,-7.804535e-01,-8.822992e-01,-9.284633e-01,-9.524098e-01,-9.662226e-01,-9.748506e-01,-9.805765e-01,-9.845606e-01,-9.874398e-01,-9.895861e-01,-9.912278e-01,-9.925110e-01,-9.935327e-01,-9.943592e-01,-9.950372e-01
9.950372e-01,9.943592e-01,9.935327e-01,9.925113e-01,9.912287e-01,9.895892e-01,9.874492e-01,9.845885e-01,9.806568e-01,9.750714e-01,9.667982e-01,9.538210e-01,9.316952e-01,8.891993e-01,7.941779e-01,5.519734e-01,2.157655e-02,-5.217184e-01,-7.790071e-01,-8.819061e-01,-9.282835e-01,-9.523067e-01,-9.661673e-01,-9.748244e-01,-9.805654e-01,-9.845563e-01,-9.874383e-01,-9.895856e-01,-9.912276e-01,-9.925109e-01,-9.935326e-01,-9.943592e-01,-9.950372e-01
9.950372e-01,9.943592e-01,9.935328e-01,9.925115e-01,9.912296e-01,9.895920e-01,9.874590e-01,9.846215e-01,9.807638e-01,9.754034e-01,9.677711e-01,9.564736e-01,9.383272e-01,9.042816e-01,8.252868e-01,6.071117e-01,8.102627e-02,-4.969102e-01,-7.723676e-01,-8.796956e-01,-9.272716e-01,-9.518129e-01,-9.659440e-01,-9.747329e-01,-9.805310e-01,-9.845442e-01,-9.874343e-01,-9.895843e-01,-9.912272e-01,-9.925108e-01,-9.935326e-01,-9.943592e-01,-9.950372e-01
9.950372e-01,9.943593e-01,9.935329e-01,9.925119e-01,9.912309e-01,9.895970e-01,9.874771e-01,9.846861e-01,9.809876e-01,9.761477e-01,9.701039e-01,9.631867e-01,9.555909e-01,9.436305e-01,9.076328e-01,7.691846e-01,3.062307e-01,-3.810110e-01,-7.383928e-01,-8.678760e-01,-9.223482e-01,-9.497655e-01,-9.651517e-01,-9.744491e-01,-9.804359e-01,-9.845140e-01,-9.874250e-01,-9.895816e-01,-9.912264e-01,-9.925106e-01,-9.935325e-01,-9.943592e-01,-9.950372e-01
9.950372e-01,9.943593e-01,9.935330e-01,9.925124e-01,9.912329e-01,9.896047e-01,9.875067e-01,9.847979e-01,9.814012e-01,9.776160e-01,9.749430e-01,9.770934e-01,9.871444e-01,9.973988e-01,9.991979e-01,9.840447e-01,8.476833e-01,3.326318e-01,-4.662843e-01,-7.931472e-01,-8.986315e-01,-9.419553e-01,-9.626389e-01,-9.736706e-01,-9.802035e-01,-9.844468e-01,-9.874061e-01,-9.895764e-01,-9.912250e-01,-9.925102e-01,-9.935324e-01,-9.943591e-01,-9.950372e-01
9.950372e-01,9.943593e-01,9.935332e-01,9.925130e-01,9.912354e-01,9.896150e-01,9.875482e-01,9.849640e-01,9.820523e-01,9.800502e-01,9.829875e-01,9.955746e-01,9.917469e-01,9.321499e-01,9.117088e-01,9.601541e-01,9.990000e-01,9.851194e-01,8.361300e-01,-6.103112e-02,-7.620304e-01,-9.128339e-01,-9.554653e-01,-9.718037e-01,-9.797111e-01,-9.843174e-01,-9.873724e-01,-9.895677e-01,-9.912228e-01,-9.925096e-01,-9.935323e-01,-9.943591e-01,-9.950372e-01
9.950372e-01,9.943594e-01,9.935334e-01,9.925137e-01,9.912382e-01,9.896265e-01,9.875962e-01,9.851651e-01,9.828800e-01,9.832389e-01,9.924534e-01,9.938708e-01,8.544678e-01,7.085163e-01,7.425458e-01,8.702522e-01,9.754270e-01,9.990220e-01,9.417024e-01,7.044517e-01,-1.350292e-01,-8.069107e-01,-9.372705e-01,-9.679890e-01,-9.788303e-01,-9.841061e-01,-9.873210e-01,-9.895551e-01,-9.912197e-01,-9.925089e-01,-9.935321e-01,-9.943591e-01,-9.950372e-01
9.950372e-01,9.943594e-01,9.935335e-01,9.925142e-01,9.912404e-01,9.896361e-01,9.876379e-01,9.853457e-01,9.836504e-01,9.862351e-01,9.987147e-01,9.295483e-01,5.741362e-01,4.362505e-01,5.345621e-01,7.568541e-01,9.642567e-01,9.838880e-01,8.652936e-01,6.810057e-01,2.807784e-01,-5.538475e-01,-8.998145e-01,-9.616964e-01,-9.775587e-01,-9.838255e-01,-9.872567e-01,-9.895401e-01,-9.912162e-01,-9.925080e-01,-9.935319e-01,-9.943590e-01,-9.950371e-01
9.950372e-01,9.943594e-01,9.935335e-01,9.925144e-01,9.912415e-01,9.896405e-01,9.876573e-01,9.854311e-01,9.840234e-01,9.877213e-01,9.999973e-01,8.092920e-01,2.307157e-01,7.213153e-02,1.390487e-01,4.251011e-01,9.609405e-01,8.626848e-01,6.484006e-01,4.922302e-01,2.515213e-01,-3.500963e-01,-8.499132e-01,-9.542013e-01,-9.761931e-01,-9.835427e-01,-9.871946e-01,-9.895260e-01,-9.912129e-01,-9.925073e-01,-9.935317e-01,-9.943590e-01,-9.950371e-01
9.950372e-01,9.943594e-01,9.935335e-01,9.925143e-01,9.912409e-01,9.896378e-01,9.876450e-01,9.853745e-01,9.837716e-01,9.868005e-01,9.998051e-01,7.360051e-01,-1.726207e-01,-4.461936e-01,-6.213128e-01,-8.436606e-01,  nan,3.619182e-01,2.860150e-01,2.262895e-01,8.317718e-02,-3.443221e-01,-8.218611e-01,-9.492785e-01,-9.753118e-01,-9.833639e-01,-9.871559e-01,-9.895174e-01,-9.912109e-01,-9.925068e-01,-9.935316e-01,-9.943589e-01,-9.950371e-01
9.950372e-01,9.943594e-01,9.935334e-01,9.925138e-01,9.912388e-01,9.896288e-01,9.876049e-01,9.851957e-01,9.829813e-01,9.836116e-01,9.944861e-01,8.916858e-01,-6.248174e-01,-9.088064e-01,-9.999172e-01,-8.626848e-01,-5.043736e-01,-1.844250e-01,-6.888144e-02,-3.943521e-02,-1.250558e-01,-4.594749e-01,-8.363623e-01,-9.501627e-01,-9.753802e-01,-9.833696e-01,-9.871560e-01,-9.895172e-01,-9.912109e-01,-9.925068e-01,-9.935316e-01,-9.943589e-01,-9.950371e-01
9.950372e-01,9.943593e-01,9.935332e-01,9.925131e-01,9.912359e-01,9.896166e-01,9.875527e-01,9.849706e-01,9.820169e-01,9.796224e-01,9.805309e-01,9.891714e-01,-9.986045e-01,-9.809825e-01,-8.652936e-01,-6.661954e-01,-5.014851e-01,-3.915866e-01,-2.998989e-01,-2.577118e-01,-3.376257e-01,-6.203121e-01,-8.765791e-01,-9.559095e-01,-9.763295e-01,-9.835528e-01,-9.871942e-01,-9.895255e-01,-9.912127e-01,-9.925072e-01,-9.935317e-01,-9.943590e-01,-9.950371e-01
9.950372e-01,9.943593e-01,9.935331e-01,9.925124e-01,9.912331e-01,9.896050e-01,9.875052e-01,9.847773e-01,9.812428e-01,9.766049e-01,9.689987e-01,9.376790e-01,2.618050e-01,-7.044517e-01,-6.631142e-01,-5.448443e-01,-4.910271e-01,-4.773787e-01,-4.414651e-01,-4.362420e-01,-5.470603e-01,-7.709090e-01,-9.160891e-01,-9.628651e-01,-9.776485e-01,-9.838278e-01,-9.872545e-01,-9.895391e-01,-9.912158e-01,-9.925079e-01,-9.935319e-01,-9.943590e-01,-9.950371e-01
9.950372e-01,9.943593e-01,9.935329e-01,9.925119e-01,9.912309e-01,9.895963e-01,9.874717e-01,9.846522e-01,9.807954e-01,9.751202e-01,9.647720e-01,9.342576e-01,7.620304e-01,3.577955e-02,-3.432765e-01,-3.981685e-01,-4.553467e-01,-5.209331e-01,-5.485972e-01,-6.025288e-01,-7.325355e-01,-8.716713e-01,-9.422385e-01,-9.683453e-01,-9.788344e-01,-9.840961e-01,-9.873167e-01,-9.895537e-01,-9.912193e-01,-9.925087e-01,-9.935321e-01,-9.943590e-01,-9.950371e-01
9.950372e-01,9.943592e-01,9.935328e-01,9.925115e-01,9.912294e-01,9.895909e-01,9.874527e-01,9.845894e-01,9.806075e-01,9.746740e-01,9.644864e-01,9.419553e-01,8.739808e-01,6.459657e-01,2.202310e-01,-1.083963e-01,-3.558975e-01,-5.410864e-01,-6.491185e-01,-7.485148e-01,-8.507304e-01,-9.212568e-01,-9.559450e-01,-9.717249e-01,-9.796623e-01,-9.843000e-01,-9.873670e-01,-9.895661e-01,-9.912223e-01,-9.925095e-01,-9.935323e-01,-9.943591e-01,-9.950372e-01
9.950372e-01,9.943592e-01,9.935327e-01,9.925112e-01,9.912285e-01,9.895881e-01,9.874441e-01,9.845654e-01,9.805566e-01,9.746556e-01,9.651517e-01,9.476163e-01,9.096403e-01,8.182059e-01,6.123865e-01,2.570298e-01,-1.921015e-01,-5.424434e-01,-7.269386e-01,-8.343099e-01,-9.022130e-01,-9.413127e-01,-9.621693e-01,-9.734916e-01,-9.801456e-01,-9.844293e-01,-9.874011e-01,-9.895749e-01,-9.912246e-01,-9.925101e-01,-9.935324e-01,-9.943591e-01,-9.950372e-01
9.950372e-01,9.943592e-01,9.935327e-01,9.925111e-01,9.912281e-01,9.895869e-01,9.874409e-01,9.845593e-01,9.805558e-01,9.747329e-01,9.657073e-01,9.504736e-01,9.220346e-01,8.635312e-01,7.344364e-01,4.463668e-01,-6.975439e-02,-5.363645e-01,-7.640037e-01,-8.676492e-01,-9.202233e-01,-9.486665e-01,-9.647323e-01,-9.743084e-01,-9.803918e-01,-9.845007e-01,-9.874212e-01,-9.895805e-01,-9.912261e-01,-9.925105e-01,-9.935325e-01,-9.943592e-01,-9.950372e-01
9.950372e-01,9.943592e-01,9.935327e-01,9.925110e-01,9.912280e-01,9.895865e-01,9.874402e-01,9.845594e-01,9.805654e-01,9.747964e-01,9.660111e-01,9.516972e-01,9.263428e-01,8.767261e-01,7.678822e-01,5.066180e-01,-2.068416e-02,-5.323240e-01,-7.762144e-01,-8.781376e-01,-9.259829e-01,-9.512065e-01,-9.657095e-01,-9.746513e-01,-9.805044e-01,-9.845359e-01,-9.874318e-01,-9.895836e-01,-9.912270e-01,-9.925107e-01,-9.935326e-01,-9.943592e-01,-9.950372e-01
9.950372e-01,9.943592e-01,9.935327e-01,9.925110e-01,9.912279e-01,9.895864e-01,9.874402e-01,9.845606e-01,9.805731e-01,9.748316e-01,9.661483e-01,9.521697e-01,9.277938e-01,8.806847e-01,7.772268e-01,5.235969e-01,-5.735561e-03,-5.307390e-01,-7.796366e-01,-8.811773e-01,-9.277429e-01,-9.520430e-01,-9.660593e-01,-9.747845e-01,-9.805517e-01,-9.845518e-01,-9.874368e-01,-9.895852e-01,-9.912275e-01,-9.925109e-01,-9.935326e-01,-9.943592e-01,-9.950372e-01
9.950372e-01,9.943592e-01,9.935327e-01,9.925110e-01,9.912279e-01,9.895864e-01,9.874404e-01,9.845616e-01,9.805773e-01,9.748478e-01,9.662036e-01,9.523392e-01,9.282645e-01,8.818653e-01,7.798518e-01,5.282567e-01,-1.560297e-03,-5.302211e-01,-7.805461e-01,-8.820293e-01,-9.282648e-01,-9.523080e-01,-9.661783e-01,-9.748332e-01,-9.805702e-01,-9.845584e-01,-9.874391e-01,-9.895859e-01,-9.912277e-01,-9.925109e-01,-9.935327e-01,-9.943592e-01,-9.950372e-01
9.950372e-01,9.943592e-01,9.935327e-01,9.925110e-01,9.912279e-01,9.895864e-01,9.874405e-01,9.845621e-01,9.805793e-01,9.748545e-01,9.662241e-01,9.523968e-01,9.284123e-01,8.822122e-01,7.805863e-01,5.295259e-01,-4.222434e-04,-5.300637e-01,-7.807844e-01,-8.822644e-01,-9.284163e-01,-9.523895e-01,-9.662172e-01,-9.748502e-01,-9.805770e-01,-9.845610e-01,-9.874400e-01,-9.895862e-01,-9.912278e-01,-9.925110e-01,-9.935327e-01,-9.943592e-01,-9.950372e-01
9.950372e-01,9.943592e-01,9.935327e-01,9.925110e-01,9.912279e-01,9.895864e-01,9.874406e-01,9.845623e-01,9.805802e-01,9.748571e-01,9.662314e-01,9.524156e-01,9.284575e-01,8.823128e-01,7.807907e-01,5.298707e-01,-1.141041e-04,-5.300175e-01,-7.808467e-01,-8.823288e-01,-9.284597e-01,-9.524140e-01,-9.662295e-01,-9.748558e-01,-9.805794e-01,-9.845620e-01,-9.874404e-01,-9.895864e-01,-9.912279e-01,-9.925110e-01,-9.935327e-01,-9.943592e-01,-9.950372e-01
9.950372e-01,9.943592e-01,9.935327e-01,9.925110e-01,9.912279e-01,9.895864e-01,9.874406e-01,9.845624e-01,9.805805e-01,9.748580e-01,9.662338e-01,9.524215e-01,9.284711e-01,8.823416e-01,7.808473e-01,5.299642e-01,-3.082286e-05,-5.300042e-01,-7.808630e-01,-8.823464e-01,-9.284719e-01,-9.524212e-01,-9.662333e-01,-9.748577e-01,-9.805803e-01,-9.845623e-01,-9.874406e-01,-9.895864e-01,-9.912279e-01,-9.925110e-01,-9.935327e-01,-9.943592e-01,-9.950372e-01
9.950372e-01,9.943592e-01,9.935327e-01,9.925110e-01,9.912279e-01,9.895864e-01,9.874406e-01,9.845625e-01,9.805806e-01,9.748583e-01,9.662346e-01,9.524234e-01,9.284751e-01,8.823497e-01,7.808629e-01,5.299895e-01,-8.325292e-06,-5.300004e-01,-7.808673e-01,-8.823512e-01,-9.284754e-01,-9.524233e-01,-9.662345e-01,-9.748582e-01,-9.805805e-01,-9.845624e-01,-9.874406e-01,-9.895864e-01,-9.912279e-01,-9.925110e-01,-9.935327e-01,-9.943592e-01,-9.950372e-01
9.950372e-01,9.943592e-01,9.935327e-01,9.925110e-01,9.912279e-01,9.895864e-01,9.874406e-01,9.845625e-01,9.805807e-01,9.748585e-01,9.662348e-01,9.524239e-01,9.284762e-01,8.823520e-01,7.808672e-01,5.299964e-01,-2.248608e-06,-5.299994e-01,-7.808684e-01,-8.823525e-01,-9.284763e-01,-9.524239e-01,-9.662348e-01,-9.748584e-01,-9.805806e-01,-9.845625e-01,-9.874406e-01,-9.895864e-01,-9.912279e-01,-9.925110e-01,-9.935327e-01,-9.943592e-01,-9.950372e-01
9.950372e-01,9.943592e-01,9.935327e-01,9.925110e-01,9.912279e-01,9.895864e-01,9.874406e-01,9.845625e-01,9.805807e-01,9.748585e-01,9.662349e-01,9.524241e-01,9.284766e-01,8.823527e-01,7.808684e-01,5.299983e-01,-6.073302e-07,-5.299991e-01,-7.808687e-01,-8.823528e-01,-9.284766e-01,-9.524241e-01,-9.662349e-01,-9.748585e-01,-9.805807e-01,-9.845625e-01,-9.874406e-01,-9.895864e-01,-9.912279e-01,-9.925110e-01,-9.935327e-01,-9.943592e-01,-9.950372e-01
